9 4 484 0
9 43 401 2
9 57 402 4
9 81 403 6
9 120 404 8
9 311 405 10
9 317 406 12
9 459 407 14
9 532 408 16
9 535 409 18
9 622 196 20
9 646 358 22
9 706 410 24
9 710 515 26
9 715 189 28
9 728 322 30
9 744 354 32
9 747 411 34
9 748 412 36
9 766 337 38
9 794 413 40
9 795 414 42
9 806 498 44
9 813 497 46
9 816 415 48
9 821 416 50
9 824 417 52
9 825 418 54
9 831 504 56
9 834 419 58
9 863 361 60
9 950 420 62
9 1138 421 64
9 1199 422 66
9 1213 423 68
9 1309 356 70
9 1432 485 72
9 1449 424 74
9 1452 357 76
9 1459 334 78
9 1567 359 80
9 1589 367 82
9 1600 227 84
9 1615 516 86
9 1641 49 88
9 1655 210 90
9 1673 425 92
9 1674 426 94
9 1677 360 96
9 1682 427 98
9 1683 428 100
9 1686 429 102
9 1687 430 104
9 1689 431 106
9 1690 432 108
9 1694 355 110
9 1698 503 112
9 1701 433 114
9 1702 434 116
9 1781 435 118
9 1782 436 120
9 1987 363 122
9 2059 486 124
9 2069 488 126
9 2077 437 128
9 2128 438 130
9 2139 499 132
9 2145 439 134
9 2174 364 136
9 2261 376 138
9 2271 440 140
9 2295 66 142
9 2316 441 144
9 2317 442 146
9 2323 443 148
9 2328 444 150
9 2332 445 152
9 2342 235 154
9 2343 234 156
9 2347 511 158
9 2352 446 160
9 2354 447 162
9 2367 371 164
9 2368 381 166
9 2539 373 168
9 2540 374 170
9 2566 448 172
9 2572 489 174
9 2604 508 176
9 2634 514 178
9 2645 450 180
9 2712 375 182
9 2732 451 184
9 2733 96 186
9 2749 383 188
9 2751 452 190
9 2763 453 192
9 2778 454 194
9 2779 378 196
9 2790 379 198
9 2798 380 200
9 2799 344 202
9 2800 455 204
9 2827 456 206
9 2947 457 208
9 2949 458 210
9 2984 87 212
9 2991 266 214
9 3031 386 216
9 3040 459 218
9 3058 460 220
9 3064 461 222
9 3067 462 224
9 3091 388 226
9 3097 389 228
9 3101 385 230
9 3102 463 232
9 3104 464 234
9 3124 465 236
9 3129 348 238
9 3130 349 240
9 3131 384 242
9 3138 387 244
9 3143 116 246
9 3144 126 248
9 3148 390 250
9 3149 466 252
9 3155 467 254
9 3158 492 256
9 3164 468 258
9 3165 469 260
9 3166 470 262
9 3167 396 264
9 3168 391 266
9 3169 392 268
9 3177 393 270
9 3178 394 272
9 3179 395 274
9 3180 279 276
9 3181 471 278
9 3182 134 280
9 3184 472 282
9 3189 473 284
9 3190 474 286
9 3191 475 288
9 3193 493 290
9 3200 476 292
9 3205 477 294
9 3206 478 296
9 3210 398 298
9 3215 479 300
9 3225 494 302
9 3227 480 304
9 3228 351 306
9 3229 481 308
9 3236 400 310
9 3237 399 312
9 3243 482 314
9 3245 483 316
9 3248 495 318
8 59 484 320
8 94 401 322
8 103 402 324
8 162 404 326
8 377 485 328
8 549 410 330
8 626 414 332
8 628 413 334
8 636 425 336
8 645 427 338
8 653 432 340
8 654 417 342
8 656 418 344
8 658 419 346
8 1030 423 348
8 1044 486 350
8 1132 356 352
8 1168 406 354
8 1298 357 356
8 1300 334 358
8 1302 407 360
8 1312 409 362
8 1413 440 364
8 1533 443 366
8 1535 415 368
8 1545 433 370
8 1628 435 372
8 1840 487 374
8 1879 488 376
8 1902 514 378
8 1906 507 380
8 1962 352 382
8 1974 408 384
8 2017 452 386
8 2054 378 388
8 2064 509 390
8 2065 445 392
8 2077 446 394
8 2144 456 396
8 2225 363 398
8 2307 489 400
8 2373 450 402
8 2456 511 404
8 2599 460 406
8 2686 385 408
8 2687 463 410
8 2696 510 412
8 2766 461 414
8 2767 462 416
8 2769 491 418
8 2771 458 420
8 2849 348 422
8 2850 349 424
8 2851 384 426
8 2899 468 428
8 2900 469 430
8 2901 470 432
8 2913 466 434
8 2914 390 436
8 2915 395 438
8 2919 472 440
8 2920 492 442
8 2925 493 444
8 2933 512 446
8 2937 473 448
8 2939 474 450
8 2940 475 452
8 2946 478 454
8 2962 494 456
8 2963 479 458
8 2964 480 460
8 2965 351 462
8 2966 481 464
8 2971 513 466
8 2987 483 468
7 279 294 470
7 283 292 472
7 468 142 474
7 533 143 476
7 556 144 478
7 841 363 480
7 1337 145 482
7 1340 146 484
7 1342 147 486
7 1348 1 488
7 1350 148 490
7 1356 149 492
7 1357 150 494
7 1366 295 496
7 1377 12 498
7 1379 13 500
7 1384 151 502
7 1390 2 504
7 1401 299 506
7 1404 152 508
7 1405 298 510
7 1409 153 512
7 1472 154 514
7 1524 155 516
7 1525 301 518
7 1552 302 520
7 1561 293 522
7 1567 303 524
7 1581 158 526
7 1587 305 528
7 1614 159 530
7 1641 160 532
7 1650 161 534
7 1696 162 536
7 1733 163 538
7 1896 373 540
7 2197 6 542
7 2199 165 544
7 2202 7 546
7 2203 166 548
7 2204 8 550
7 2205 288 552
7 2208 168 554
7 2222 310 556
7 2223 170 558
7 2224 171 560
7 2229 311 562
7 2230 172 564
7 2234 312 566
7 2236 173 568
7 2277 174 570
7 2278 175 572
7 2285 15 574
7 2302 176 576
7 2303 177 578
7 2304 178 580
7 2333 179 582
7 2344 180 584
7 2349 31 586
7 2375 17 588
7 2376 18 590
7 2394 181 592
7 2395 182 594
7 2402 183 596
7 2403 184 598
7 2410 37 600
7 2411 185 602
7 2412 38 604
7 2416 39 606
7 2421 186 608
7 2422 187 610
7 2425 188 612
7 2434 189 614
7 2450 190 616
7 2451 191 618
7 2461 307 620
7 2480 21 622
7 2483 192 624
7 2602 372 626
7 2698 4 628
7 2699 5 630
7 2700 22 632
7 2701 23 634
7 2702 24 636
7 2703 25 638
7 2704 26 640
7 2709 193 642
7 2710 194 644
7 2711 27 646
7 2718 29 648
7 2719 28 650
7 2728 30 652
7 2734 195 654
7 2755 196 656
7 2756 197 658
7 2762 198 660
7 2763 46 662
7 2764 199 664
7 2765 200 666
7 2768 201 668
7 2769 202 670
7 2771 33 672
7 2772 32 674
7 2773 203 676
7 2781 316 678
7 2782 289 680
7 2784 317 682
7 2785 205 684
7 2790 206 686
7 2799 40 688
7 2811 207 690
7 2814 208 692
7 2816 48 694
7 2820 49 696
7 2821 209 698
7 2830 210 700
7 2833 42 702
7 2975 211 704
7 2976 212 706
7 2977 213 708
7 2978 43 710
7 2979 214 712
7 2980 215 714
7 2985 216 716
7 2986 319 718
7 2996 321 720
7 3005 218 722
7 3011 219 724
7 3015 220 726
7 3016 221 728
7 3018 222 730
7 3020 223 732
7 3022 224 734
7 3024 36 736
7 3025 290 738
7 3026 226 740
7 3027 227 742
7 3028 228 744
7 3032 229 746
7 3036 230 748
7 3037 322 750
7 3043 231 752
7 3045 370 754
7 3047 232 756
7 3048 233 758
7 3049 51 760
7 3068 234 762
7 3069 235 764
7 3116 236 766
7 3118 237 768
7 3119 238 770
7 3120 323 772
7 3123 239 774
7 3125 52 776
7 3126 53 778
7 3129 54 780
7 3130 55 782
7 3136 240 784
7 3137 58 786
7 3138 241 788
7 3139 242 790
7 3141 345 792
7 3142 243 794
7 3143 244 796
7 3144 59 798
7 3146 60 800
7 3147 61 802
7 3148 80 804
7 3150 245 806
7 3152 63 808
7 3187 246 810
7 3188 68 812
7 3194 56 814
7 3195 247 816
7 3196 70 818
7 3197 69 820
7 3198 71 822
7 3199 248 824
7 3201 249 826
7 3202 250 828
7 3203 251 830
7 3204 72 832
7 3206 75 834
7 3207 74 836
7 3208 73 838
7 3209 252 840
7 3210 253 842
7 3211 77 844
7 3213 97 846
7 3214 254 848
7 3215 291 850
7 3216 256 852
7 3218 79 854
7 3222 102 856
7 3226 82 858
7 3228 257 860
7 3229 258 862
7 3250 259 864
7 3252 260 866
7 3254 84 868
7 3255 85 870
7 3256 88 872
7 3257 86 874
7 3258 87 876
7 3261 261 878
7 3263 262 880
7 3264 263 882
7 3265 89 884
7 3266 90 886
7 3267 92 888
7 3268 91 890
7 3269 76 892
7 3271 93 894
7 3273 94 896
7 3275 95 898
7 3276 96 900
7 3277 264 902
7 3279 265 904
7 3281 78 906
7 3282 266 908
7 3284 98 910
7 3285 100 912
7 3286 99 914
7 3287 101 916
7 3288 267 918
7 3294 268 920
7 3295 269 922
7 3296 270 924
7 3298 389 926
7 3312 107 928
7 3313 108 930
7 3314 109 932
7 3315 271 934
7 3316 110 936
7 3317 272 938
7 3318 111 940
7 3319 112 942
7 3320 273 944
7 3321 113 946
7 3322 114 948
7 3323 115 950
7 3324 274 952
7 3325 116 954
7 3326 275 956
7 3328 117 958
7 3329 127 960
7 3330 128 962
7 3340 103 964
7 3341 104 966
7 3342 276 968
7 3344 119 970
7 3345 120 972
7 3346 277 974
7 3347 122 976
7 3348 123 978
7 3349 124 980
7 3350 125 982
7 3353 127 984
7 3355 118 986
7 3364 129 988
7 3366 130 990
7 3367 278 992
7 3370 279 994
7 3371 134 996
7 3380 132 998
7 3382 133 1000
7 3383 280 1002
7 3389 135 1004
7 3395 281 1006
7 3396 136 1008
7 3398 282 1010
7 3404 283 1012
7 3406 284 1014
7 3409 137 1016
7 3410 138 1018
7 3413 285 1020
7 3428 330 1022
7 3435 287 1024
6 405 148 1026
6 409 292 1028
6 428 13 1030
6 521 293 1032
6 635 160 1034
6 649 143 1036
6 657 161 1038
6 705 189 1040
6 1469 6 1042
6 1471 145 1044
6 1477 7 1046
6 1479 146 1048
6 1481 8 1050
6 1482 288 1052
6 1485 147 1054
6 1491 294 1056
6 1495 10 1058
6 1496 295 1060
6 1502 296 1062
6 1503 297 1064
6 1506 172 1066
6 1517 151 1068
6 1536 298 1070
6 1537 299 1072
6 1591 174 1074
6 1592 175 1076
6 1599 154 1078
6 1644 155 1080
6 1645 301 1082
6 1668 302 1084
6 1686 303 1086
6 1714 304 1088
6 1716 305 1090
6 1727 18 1092
6 1748 159 1094
6 1763 19 1096
6 1791 183 1098
6 1793 184 1100
6 1796 306 1102
6 1812 144 1104
6 1827 162 1106
6 1840 190 1108
6 1853 307 1110
6 1856 163 1112
6 2458 5 1114
6 2459 4 1116
6 2466 308 1118
6 2468 9 1120
6 2471 168 1122
6 2476 309 1124
6 2479 11 1126
6 2481 310 1128
6 2486 170 1130
6 2487 171 1132
6 2492 311 1134
6 2495 312 1136
6 2518 14 1138
6 2529 313 1140
6 2541 30 1142
6 2646 185 1144
6 2654 39 1146
6 2665 187 1148
6 2666 186 1150
6 2669 188 1152
6 2673 20 1154
6 2692 191 1156
6 2716 21 1158
6 2718 192 1160
6 2720 49 1162
6 2727 209 1164
6 2739 42 1166
6 3058 22 1168
6 3059 23 1170
6 3060 24 1172
6 3061 25 1174
6 3062 26 1176
6 3063 193 1178
6 3065 140 1180
6 3066 211 1182
6 3067 212 1184
6 3068 27 1186
6 3070 28 1188
6 3075 315 1190
6 3085 195 1192
6 3106 200 1194
6 3112 32 1196
6 3113 203 1198
6 3114 33 1200
6 3115 34 1202
6 3125 223 1204
6 3127 316 1206
6 3128 289 1208
6 3137 47 1210
6 3138 224 1212
6 3140 317 1214
6 3141 36 1216
6 3142 205 1218
6 3144 37 1220
6 3148 38 1222
6 3170 63 1224
6 3178 207 1226
6 3179 208 1228
6 3182 48 1230
6 3193 232 1232
6 3195 318 1234
6 3197 210 1236
6 3198 51 1238
6 3222 235 1240
6 3223 234 1242
6 3405 43 1244
6 3406 213 1246
6 3407 215 1248
6 3408 214 1250
6 3412 52 1252
6 3413 216 1254
6 3415 319 1256
6 3416 239 1258
6 3419 320 1260
6 3421 321 1262
6 3422 45 1264
6 3426 218 1266
6 3427 197 1268
6 3428 196 1270
6 3429 219 1272
6 3430 220 1274
6 3435 206 1276
6 3438 226 1278
6 3440 229 1280
6 3444 62 1282
6 3445 230 1284
6 3447 322 1286
6 3454 233 1288
6 3582 236 1290
6 3584 237 1292
6 3585 323 1294
6 3586 238 1296
6 3597 54 1298
6 3598 55 1300
6 3603 240 1302
6 3608 58 1304
6 3609 242 1306
6 3610 244 1308
6 3611 59 1310
6 3616 60 1312
6 3618 78 1314
6 3619 61 1316
6 3620 79 1318
6 3622 245 1320
6 3623 324 1322
6 3625 257 1324
6 3682 68 1326
6 3685 247 1328
6 3688 260 1330
6 3690 70 1332
6 3691 69 1334
6 3692 71 1336
6 3693 248 1338
6 3695 249 1340
6 3696 250 1342
6 3697 251 1344
6 3698 86 1346
6 3699 87 1348
6 3700 72 1350
6 3702 261 1352
6 3704 262 1354
6 3705 263 1356
6 3706 73 1358
6 3707 89 1360
6 3708 90 1362
6 3711 76 1364
6 3713 265 1366
6 3714 95 1368
6 3715 96 1370
6 3716 253 1372
6 3717 252 1374
6 3720 254 1376
6 3721 97 1378
6 3723 326 1380
6 3726 98 1382
6 3728 101 1384
6 3730 102 1386
6 3732 82 1388
6 3734 65 1390
6 3735 231 1392
6 3737 269 1394
6 3742 258 1396
6 3773 327 1398
6 3774 84 1400
6 3775 85 1402
6 3779 271 1404
6 3780 109 1406
6 3781 272 1408
6 3782 92 1410
6 3783 91 1412
6 3784 94 1414
6 3787 264 1416
6 3789 113 1418
6 3790 114 1420
6 3792 291 1422
6 3794 266 1424
6 3795 116 1426
6 3796 275 1428
6 3797 100 1430
6 3798 99 1432
6 3800 267 1434
6 3801 268 1436
6 3829 103 1438
6 3830 104 1440
6 3831 119 1442
6 3832 120 1444
6 3836 105 1446
6 3837 106 1448
6 3838 107 1450
6 3839 108 1452
6 3840 110 1454
6 3842 112 1456
6 3843 111 1458
6 3847 274 1460
6 3848 115 1462
6 3849 328 1464
6 3850 118 1466
6 3851 127 1468
6 3852 128 1470
6 3868 277 1472
6 3869 122 1474
6 3870 123 1476
6 3874 130 1478
6 3876 126 1480
6 3878 278 1482
6 3881 279 1484
6 3896 129 1486
6 3897 132 1488
6 3898 329 1490
6 3900 133 1492
6 3902 280 1494
6 3921 135 1496
6 3923 282 1498
6 3932 281 1500
6 3933 284 1502
6 3942 283 1504
6 3943 138 1506
6 3949 137 1508
6 3967 330 1510
5 452 165 1512
5 453 7 1514
5 457 1 1516
5 459 10 1518
5 463 296 1520
5 464 297 1522
5 469 13 1524
5 472 2 1526
5 474 299 1528
5 480 153 1530
5 577 158 1532
5 607 3 1534
5 610 159 1536
5 866 362 1538
5 1525 5 1540
5 1526 4 1542
5 1527 6 1544
5 1531 9 1546
5 1535 8 1548
5 1536 308 1550
5 1545 168 1552
5 1549 194 1554
5 1552 170 1556
5 1553 11 1558
5 1559 12 1560
5 1590 14 1562
5 1598 313 1564
5 1603 15 1566
5 1621 315 1568
5 1667 179 1570
5 1680 16 1572
5 1692 180 1574
5 1693 31 1576
5 1729 199 1578
5 1742 305 1580
5 1751 202 1582
5 1752 201 1584
5 1753 17 1586
5 1754 18 1588
5 1773 35 1590
5 1777 316 1592
5 1778 289 1594
5 1779 181 1596
5 1780 182 1598
5 1782 19 1600
5 1795 184 1602
5 1797 306 1604
5 1804 37 1606
5 1822 187 1608
5 1823 186 1610
5 1832 20 1612
5 1841 41 1614
5 1843 40 1616
5 1877 307 1618
5 1894 208 1620
5 1904 21 1622
5 1923 337 1624
5 2253 424 1626
5 2485 24 1628
5 2486 25 1630
5 2487 22 1632
5 2488 23 1634
5 2489 26 1636
5 2493 140 1638
5 2494 211 1640
5 2495 212 1642
5 2498 27 1644
5 2500 214 1646
5 2501 215 1648
5 2518 28 1650
5 2519 29 1652
5 2531 30 1654
5 2534 44 1656
5 2537 195 1658
5 2575 303 1660
5 2589 198 1662
5 2590 46 1664
5 2596 220 1666
5 2597 221 1668
5 2598 33 1670
5 2599 34 1672
5 2601 203 1674
5 2602 32 1676
5 2622 36 1678
5 2626 205 1680
5 2628 38 1682
5 2630 39 1684
5 2667 207 1686
5 2681 42 1688
5 2751 344 1690
5 2776 368 1692
5 2898 514 1694
5 2992 213 1696
5 2993 43 1698
5 3006 52 1700
5 3007 53 1702
5 3018 45 1704
5 3020 321 1706
5 3022 54 1708
5 3023 55 1710
5 3025 218 1712
5 3028 219 1714
5 3037 47 1716
5 3039 224 1718
5 3047 226 1720
5 3048 227 1722
5 3049 228 1724
5 3055 62 1726
5 3057 322 1728
5 3058 63 1730
5 3071 369 1732
5 3074 48 1734
5 3075 49 1736
5 3076 50 1738
5 3078 341 1740
5 3079 51 1742
5 3107 67 1744
5 3285 236 1746
5 3290 323 1748
5 3298 56 1750
5 3302 346 1752
5 3305 241 1754
5 3306 58 1756
5 3307 244 1758
5 3308 59 1760
5 3309 243 1762
5 3312 97 1764
5 3315 78 1766
5 3316 60 1768
5 3317 61 1770
5 3319 79 1772
5 3325 331 1774
5 3332 64 1776
5 3335 82 1778
5 3344 65 1780
5 3346 231 1782
5 3353 269 1784
5 3357 66 1786
5 3398 235 1788
5 3399 234 1790
5 3489 68 1792
5 3490 247 1794
5 3493 384 1796
5 3495 260 1798
5 3496 70 1800
5 3497 69 1802
5 3501 88 1804
5 3502 71 1806
5 3503 248 1808
5 3504 86 1810
5 3505 87 1812
5 3506 57 1814
5 3508 72 1816
5 3511 74 1818
5 3512 75 1820
5 3513 73 1822
5 3515 76 1824
5 3516 252 1826
5 3517 94 1828
5 3519 93 1830
5 3521 264 1832
5 3522 77 1834
5 3523 326 1836
5 3525 256 1838
5 3529 80 1840
5 3532 99 1842
5 3539 324 1844
5 3541 102 1846
5 3542 267 1848
5 3548 83 1850
5 3555 258 1852
5 3582 327 1854
5 3591 84 1856
5 3592 85 1858
5 3599 107 1860
5 3600 108 1862
5 3601 272 1864
5 3602 263 1866
5 3603 89 1868
5 3604 90 1870
5 3605 112 1872
5 3606 111 1874
5 3607 92 1876
5 3608 91 1878
5 3609 96 1880
5 3610 95 1882
5 3613 265 1884
5 3616 113 1886
5 3617 114 1888
5 3620 266 1890
5 3622 274 1892
5 3623 115 1894
5 3624 275 1896
5 3625 98 1898
5 3626 100 1900
5 3628 347 1902
5 3630 101 1904
5 3655 120 1906
5 3656 119 1908
5 3657 121 1910
5 3658 105 1912
5 3659 106 1914
5 3660 109 1916
5 3661 110 1918
5 3662 291 1920
5 3663 116 1922
5 3664 328 1924
5 3665 118 1926
5 3666 117 1928
5 3667 127 1930
5 3668 128 1932
5 3674 350 1934
5 3675 349 1936
5 3676 348 1938
5 3677 103 1940
5 3678 104 1942
5 3680 276 1944
5 3681 277 1946
5 3682 122 1948
5 3683 123 1950
5 3684 125 1952
5 3685 124 1954
5 3689 130 1956
5 3690 126 1958
5 3699 129 1960
5 3702 279 1962
5 3703 134 1964
5 3708 131 1966
5 3709 132 1968
5 3712 280 1970
5 3719 135 1972
5 3729 351 1974
5 3730 481 1976
5 3731 136 1978
5 3735 137 1980
5 3736 138 1982
5 3749 287 1984
5 3750 286 1986
4 251 161 1988
4 476 363 1990
4 583 405 1992
4 607 352 1994
4 609 334 1996
4 692 145 1998
4 694 146 2000
4 700 1 2002
4 704 147 2004
4 705 148 2006
4 710 150 2008
4 711 149 2010
4 715 294 2012
4 723 295 2014
4 730 311 2016
4 736 151 2018
4 743 2 2020
4 750 298 2022
4 751 152 2024
4 753 153 2026
4 790 174 2028
4 791 175 2030
4 793 154 2032
4 802 178 2034
4 861 142 2036
4 864 3 2038
4 889 160 2040
4 892 184 2042
4 895 306 2044
4 906 144 2046
4 920 162 2048
4 942 190 2050
4 952 163 2052
4 1141 373 2054
4 1142 374 2056
4 1236 364 2058
4 1299 354 2060
4 1311 4 2062
4 1312 5 2064
4 1313 6 2066
4 1317 165 2068
4 1321 7 2070
4 1322 166 2072
4 1325 8 2074
4 1327 9 2076
4 1332 168 2078
4 1334 10 2080
4 1339 309 2082
4 1340 171 2084
4 1341 170 2086
4 1343 11 2088
4 1347 12 2090
4 1348 172 2092
4 1353 13 2094
4 1356 173 2096
4 1359 312 2098
4 1392 14 2100
4 1396 313 2102
4 1413 15 2104
4 1430 177 2106
4 1431 176 2108
4 1446 155 2110
4 1447 301 2112
4 1482 16 2114
4 1508 158 2116
4 1511 304 2118
4 1522 17 2120
4 1523 18 2122
4 1562 19 2124
4 1573 183 2126
4 1576 377 2128
4 1579 143 2130
4 1583 185 2132
4 1599 188 2134
4 1602 20 2136
4 1610 189 2138
4 1626 191 2140
4 1656 21 2142
4 1736 355 2144
4 1846 339 2146
4 1909 22 2148
4 1910 23 2150
4 1911 24 2152
4 1912 25 2154
4 1916 26 2156
4 1921 194 2158
4 1922 193 2160
4 1924 140 2162
4 1927 27 2164
4 1935 353 2166
4 1938 28 2168
4 1939 29 2170
4 1948 30 2172
4 1968 179 2174
4 1981 31 2176
4 2000 335 2178
4 2005 201 2180
4 2006 202 2182
4 2009 32 2184
4 2010 203 2186
4 2013 33 2188
4 2014 34 2190
4 2022 336 2192
4 2026 35 2194
4 2046 224 2196
4 2047 367 2198
4 2049 36 2200
4 2051 37 2202
4 2053 38 2204
4 2055 39 2206
4 2068 40 2208
4 2070 41 2210
4 2093 369 2212
4 2100 192 2214
4 2110 232 2216
4 2113 210 2218
4 2115 42 2220
4 2218 43 2222
4 2219 213 2224
4 2220 211 2226
4 2221 212 2228
4 2222 215 2230
4 2223 214 2232
4 2228 216 2234
4 2229 319 2236
4 2231 44 2238
4 2233 320 2240
4 2242 45 2242
4 2248 196 2244
4 2249 197 2246
4 2250 198 2248
4 2251 46 2250
4 2252 200 2252
4 2253 199 2254
4 2257 222 2256
4 2259 223 2258
4 2262 47 2260
4 2263 206 2262
4 2265 290 2264
4 2266 229 2266
4 2269 230 2268
4 2281 48 2270
4 2282 49 2272
4 2287 209 2274
4 2289 50 2276
4 2293 318 2278
4 2296 51 2280
4 2298 233 2282
4 2312 342 2284
4 2313 343 2286
4 2314 234 2288
4 2315 235 2290
4 2351 237 2292
4 2354 238 2294
4 2357 52 2296
4 2358 53 2298
4 2361 54 2300
4 2362 55 2302
4 2363 56 2304
4 2365 240 2306
4 2369 57 2308
4 2372 241 2310
4 2373 58 2312
4 2374 242 2314
4 2375 243 2316
4 2376 59 2318
4 2377 244 2320
4 2381 60 2322
4 2382 61 2324
4 2384 62 2326
4 2387 63 2328
4 2388 64 2330
4 2390 65 2332
4 2400 66 2334
4 2403 67 2336
4 2419 246 2338
4 2424 68 2340
4 2426 69 2342
4 2427 70 2344
4 2430 249 2346
4 2431 250 2348
4 2432 251 2350
4 2433 71 2352
4 2436 72 2354
4 2437 73 2356
4 2438 74 2358
4 2439 75 2360
4 2440 76 2362
4 2442 252 2364
4 2443 253 2366
4 2445 265 2368
4 2449 77 2370
4 2451 256 2372
4 2452 78 2374
4 2453 79 2376
4 2454 80 2378
4 2456 245 2380
4 2457 340 2382
4 2459 82 2384
4 2460 257 2386
4 2462 83 2388
4 2474 349 2390
4 2475 348 2392
4 2479 259 2394
4 2481 260 2396
4 2482 84 2398
4 2483 85 2400
4 2484 86 2402
4 2485 87 2404
4 2486 88 2406
4 2487 261 2408
4 2489 262 2410
4 2490 263 2412
4 2491 89 2414
4 2492 90 2416
4 2493 91 2418
4 2494 92 2420
4 2497 264 2422
4 2498 93 2424
4 2500 94 2426
4 2501 95 2428
4 2502 96 2430
4 2503 254 2432
4 2504 97 2434
4 2506 326 2436
4 2507 266 2438
4 2509 98 2440
4 2510 99 2442
4 2511 100 2444
4 2513 101 2446
4 2514 102 2448
4 2517 268 2450
4 2518 269 2452
4 2519 270 2454
4 2524 103 2456
4 2525 104 2458
4 2527 105 2460
4 2528 106 2462
4 2529 107 2464
4 2530 108 2466
4 2531 271 2468
4 2532 109 2470
4 2533 110 2472
4 2534 272 2474
4 2536 111 2476
4 2537 112 2478
4 2538 113 2480
4 2539 114 2482
4 2540 273 2484
4 2541 115 2486
4 2542 116 2488
4 2543 275 2490
4 2544 117 2492
4 2545 118 2494
4 2550 119 2496
4 2551 120 2498
4 2553 121 2500
4 2554 122 2502
4 2555 123 2504
4 2556 124 2506
4 2557 125 2508
4 2559 126 2510
4 2561 127 2512
4 2562 128 2514
4 2565 350 2516
4 2568 129 2518
4 2569 130 2520
4 2571 278 2522
4 2574 279 2524
4 2579 131 2526
4 2580 132 2528
4 2581 329 2530
4 2582 133 2532
4 2583 134 2534
4 2585 135 2536
4 2587 280 2538
4 2589 284 2540
4 2590 282 2542
4 2593 281 2544
4 2597 136 2546
4 2599 137 2548
4 2600 138 2550
4 2601 285 2552
4 2610 286 2554
3 401 173 2556
3 430 313 2558
3 512 305 2560
3 523 17 2562
3 586 143 2564
3 1085 506 2566
3 1168 507 2568
3 1261 357 2570
3 1265 334 2572
3 1472 214 2574
3 1473 215 2576
3 1552 365 2578
3 1553 366 2580
3 1570 304 2582
3 1575 335 2584
3 1577 358 2586
3 1580 221 2588
3 1581 220 2590
3 1584 359 2592
3 1587 34 2594
3 1595 142 2596
3 1598 336 2598
3 1608 35 2600
3 1618 19 2602
3 1630 47 2604
3 1638 39 2606
3 1656 189 2608
3 1676 322 2610
3 1717 51 2612
3 1761 427 2614
3 1784 355 2616
3 1802 362 2618
3 1808 361 2620
3 1832 380 2622
3 2040 374 2624
3 2041 373 2626
3 2275 409 2628
3 2297 323 2630
3 2316 218 2632
3 2329 32 2634
3 2330 203 2636
3 2372 41 2638
3 2403 337 2640
3 2406 318 2642
3 2409 42 2644
3 2426 360 2646
3 2483 371 2648
3 2488 381 2650
3 2631 339 2652
3 2743 244 2654
3 2744 376 2656
3 2748 60 2658
3 2750 317 2660
3 2756 79 2662
3 2758 228 2664
3 2759 227 2666
3 2761 229 2668
3 2765 331 2670
3 2767 340 2672
3 2774 63 2674
3 2776 453 2676
3 2785 48 2678
3 2788 49 2680
3 2791 50 2682
3 2792 341 2684
3 2801 378 2686
3 2822 379 2688
3 2828 234 2690
3 2829 235 2692
3 2830 342 2694
3 2831 343 2696
3 2842 344 2698
3 2968 69 2700
3 2985 345 2702
3 2995 377 2704
3 2996 256 2706
3 3009 324 2708
3 3016 62 2710
3 3033 66 2712
3 3074 459 2714
3 3111 259 2716
3 3113 384 2718
3 3120 375 2720
3 3121 346 2722
3 3136 112 2724
3 3139 114 2726
3 3140 113 2728
3 3143 265 2730
3 3145 96 2732
3 3149 266 2734
3 3153 99 2736
3 3154 383 2738
3 3155 102 2740
3 3167 258 2742
3 3172 467 2744
3 3174 386 2746
3 3194 327 2748
3 3206 108 2750
3 3207 110 2752
3 3211 388 2754
3 3214 116 2756
3 3217 347 2758
3 3219 118 2760
3 3224 390 2762
3 3226 385 2764
3 3238 348 2766
3 3239 349 2768
3 3244 276 2770
3 3245 391 2772
3 3246 392 2774
3 3256 387 2776
3 3258 126 2778
3 3259 328 2780
3 3260 128 2782
3 3266 393 2784
3 3267 394 2786
3 3270 395 2788
3 3280 350 2790
3 3282 130 2792
3 3289 396 2794
3 3291 131 2796
3 3292 397 2798
3 3295 398 2800
3 3303 478 2802
3 3305 135 2804
3 3306 282 2806
3 3317 399 2808
3 3320 137 2810
3 3321 400 2812
2 33 401 2814
2 50 402 2816
2 53 486 2818
2 82 403 2820
2 259 438 2822
2 298 405 2824
2 428 352 2826
2 439 407 2828
2 443 339 2830
2 521 408 2832
2 541 166 2834
2 573 353 2836
2 773 354 2838
2 783 410 2840
2 839 412 2842
2 840 411 2844
2 886 413 2846
2 887 414 2848
2 893 425 2850
2 908 415 2852
2 918 418 2854
2 920 417 2856
2 938 419 2858
2 939 355 2860
2 1032 420 2862
2 1204 421 2864
2 1235 487 2866
2 1246 422 2868
2 1302 404 2870
2 1388 356 2872
2 1428 499 2874
2 1441 406 2876
2 1531 424 2878
2 1535 357 2880
2 1539 334 2882
2 1702 196 2884
2 1706 16 2886
2 1720 358 2888
2 1724 359 2890
2 1730 336 2892
2 1736 35 2894
2 1785 322 2896
2 1838 426 2898
2 1841 360 2900
2 1848 427 2902
2 1850 416 2904
2 1853 428 2906
2 1854 430 2908
2 1855 429 2910
2 1858 431 2912
2 1859 432 2914
2 1874 433 2916
2 1875 434 2918
2 1887 361 2920
2 1891 362 2922
2 1907 447 2924
2 1928 435 2926
2 1929 436 2928
2 2091 363 2930
2 2114 423 2932
2 2142 437 2934
2 2174 514 2936
2 2198 439 2938
2 2227 364 2940
2 2289 211 2942
2 2321 365 2944
2 2322 366 2946
2 2340 367 2948
2 2341 368 2950
2 2352 227 2952
2 2370 63 2954
2 2375 453 2956
2 2380 369 2958
2 2394 370 2960
2 2404 210 2962
2 2406 42 2964
2 2416 441 2966
2 2417 442 2968
2 2419 443 2970
2 2422 444 2972
2 2427 445 2974
2 2434 342 2976
2 2435 343 2978
2 2462 371 2980
2 2465 372 2982
2 2575 373 2984
2 2576 374 2986
2 2584 448 2988
2 2597 489 2990
2 2646 514 2992
2 2654 450 2994
2 2734 375 2996
2 2749 376 2998
2 2752 60 3000
2 2753 377 3002
2 2761 440 3004
2 2789 454 3006
2 2790 378 3008
2 2800 379 3010
2 2802 235 3012
2 2803 234 3014
2 2811 446 3016
2 2816 380 3018
2 2828 371 3020
2 2830 381 3022
2 2838 456 3024
2 2904 508 3026
2 2913 491 3028
2 2956 451 3030
2 2957 96 3032
2 2967 383 3034
2 2968 452 3036
2 2982 83 3038
2 2996 455 3040
2 3010 462 3042
2 3015 457 3044
2 3019 458 3046
2 3025 384 3048
2 3029 87 3050
2 3044 266 3052
2 3047 269 3054
2 3048 270 3056
2 3050 385 3058
2 3051 463 3060
2 3053 464 3062
2 3061 386 3064
2 3067 459 3066
2 3073 460 3068
2 3075 461 3070
2 3076 462 3072
2 3078 348 3074
2 3079 349 3076
2 3098 387 3078
2 3100 388 3080
2 3101 116 3082
2 3103 102 3084
2 3108 389 3086
2 3113 390 3088
2 3114 466 3090
2 3132 465 3092
2 3133 469 3094
2 3134 470 3096
2 3135 391 3098
2 3136 392 3100
2 3145 126 3102
2 3150 393 3104
2 3151 394 3106
2 3152 395 3108
2 3154 472 3110
2 3158 474 3112
2 3159 475 3114
2 3162 473 3116
2 3163 468 3118
2 3165 396 3120
2 3167 130 3122
2 3169 128 3124
2 3170 279 3126
2 3171 471 3128
2 3172 134 3130
2 3180 477 3132
2 3182 397 3134
2 3183 329 3136
2 3185 398 3138
2 3186 476 3140
2 3190 479 3142
2 3191 478 3144
2 3203 480 3146
2 3204 351 3148
2 3205 481 3150
2 3211 399 3152
2 3216 400 3154
2 3221 483 3156
2 3223 482 3158
1 289 403 3160
1 634 408 3162
1 729 410 3164
1 732 515 3166
1 794 411 3168
1 795 412 3170
1 841 497 3172
1 845 498 3174
1 869 415 3176
1 870 416 3178
1 1071 420 3180
1 1281 421 3182
1 1434 422 3184
1 1569 514 3186
1 1597 499 3188
1 1824 516 3190
1 1857 413 3192
1 1859 425 3194
1 1866 427 3196
1 1880 428 3198
1 1881 432 3200
1 1891 429 3202
1 1892 430 3204
1 1893 419 3206
1 1899 503 3208
1 1901 504 3210
1 1905 433 3212
1 1906 434 3214
1 2069 435 3216
1 2070 436 3218
1 2360 423 3220
1 2380 488 3222
1 2384 437 3224
1 2418 438 3226
1 2423 506 3228
1 2424 507 3230
1 2436 439 3232
1 2581 426 3234
1 2588 442 3236
1 2593 441 3238
1 2600 444 3240
1 2613 455 3242
1 2632 447 3244
1 3030 448 3246
1 3064 508 3248
1 3115 457 3250
1 3197 454 3252
1 3218 445 3254
1 3219 509 3256
1 3224 510 3258
1 3225 511 3260
1 3289 456 3262
1 3447 450 3264
1 3554 461 3266
1 3555 462 3268
1 3566 385 3270
1 3567 463 3272
1 3589 460 3274
1 3591 465 3276
1 3597 327 3278
1 3604 346 3280
1 3613 472 3282
1 3615 473 3284
1 3617 492 3286
1 3628 493 3288
1 3643 512 3290
1 3645 474 3292
1 3646 475 3294
1 3647 470 3296
1 3648 469 3298
1 3658 395 3300
1 3659 476 3302
1 3662 477 3304
1 3674 351 3306
1 3675 481 3308
1 3690 494 3310
1 3710 513 3312
1 3716 483 3314
1 3721 495 3316
